12041767053820904011
9768798019567721235
11100250636113660634
18171359384476357372
16623543230767954783
12061800808361555779
2104646093103416929
8873020668109272144
12236017185183058973
6859331840834653964
8057416162454349146
10317686530285750296
8167942291648126667
13508673285929762071
2155869774675011144
1419213974128455391
18356873309236751181
1128165055763115177
15872312249665224347
9254922212517216485
12624430073081729404
10209467551411312718
16674214588229272372
13734265826517645283
9202235404334122290
11023599138408877459
10932391783509746059
7767946946844506965
16830897848397530014
8606246114167836576
222232819100815424
17781428796020762950
11619535512184583311
2885051743893714966
7435842618797434578
6456675349828274621
17737382859560960735
13609874898764129234
16994490762715532054
6955501871094371173
2898123906674374143
10761990258703986774
16805536669324988917
10959113451469011431
5456584493351279150
13008115416183961969
8124131210090940258
17084109700985772412
16681026477600957789
10711293555604376000
8236885074778991435
6465333173055681787
15240889652093949396
557944272125049201
4938433921265030730
3699678486932555682
4587489915935922026
7618026785522306794
4224354060250765304
5735945313544921027
10632320981410444236
17574552087368017527
17579799191250459487
13466492158767399562
15486363992482288341
10738856238886296757
4120528832871051372
3340604100750549083
3659600086987868089
8567392028340776754
9241101314686420630
9747513679247369451
9160283010051366771
13690414179185192017
3921757268710617130
4423421666984121042
17961596098112442118
13196640322176923342
42530843592398485
6572141484824148438
5675082843479929297
691336611880380434
14579599689689583362
11779356335837998748
2872411359422441306
12576718475555047804
17757885107470537189
18425163243201918561
469138960421796788
3054515989425735314
5540257630582029657
14987741727289338163
4946263390200668695
810779656377000722
1068990645394461966
10312356233926449070
14049889487153727570
13030584692699873650
14921004489687423244
10063739381465162664
2947208390952710392
156935553316424326
17434646168050287369
12646191734238267455
6430861888991756326
10632685341035489257
5870044573948692998
9815002557377072711
9537428227949095094
16858765704637917785
12856992294397704427
6404355446932416578
7218643557613377233
18416899770734288188
9062694198294182886
6425545339940913376
10939939781539908952
802910661112654068
4222877756552469657
4745465100620720534
16478482352191933259
5252369599696775389
13183616590671345163
4984378584281412854
2789068109770341999
5637185407663622707
14001140299524582794
16775553820328742373
14900927798415456738
2811031354935293599
4742077389844067029
16054238644012343678
2814913245679069401
11644227884205984816
6687979216162139338
1036860027781039761
16002687289354371347
5484785403999783162
1803591939389478483
17221661412335091441
7253501719667459167
13452024635282391473
13459009067135751643
6685187640191240940
5668210555910477906
14862982661705219528
13568462103973755128
13277544227070151879
18125931987012297061
14083896572736637911
2752235564265264841
15301332273991907133
14961155347699275670
12697802209631172304
13886250442369330208
2130173301211597939
368082286721776732
17467379830532993856
6859726967051631599
4431440786003155073
15408940683093796065
10359472784293219826
4198315890886624566
12675115462103425756
7299142436887081037
10603121706130435375
5056648257959535272
6374481655922879368
1630571307294483021
5613892400441826467
10355201289370366165
9181809592126301241
7115063064128894844
10184283132920461856
14145527014755786692
9210812975391705373
10380964129187845089
10969838068115064373
218245861070024859
18068824519500021809
13741510720989238387
3281166292683261189
13030940702383268779
1808074767283645797
293874752767241153
14312409344828960275
10949202588983174802
2896785191070985931
5771336647908775924
8986032036145814899
2839294379189048611
18145918269175876241
2305144392195756568
9460538149759797839
5912272988772116882
12574402716009746070
10593634529126122276
14385661787285771269
3613331127771454786
10958310575535366245
15712329891248170692
15964365665487861701
6621382498506418844
9271166717795397577
10495184265390150537
17356517352472851870
1362752833698531458
18370693519262959905
2411397170858712960
15366972544306417721
11160217886914383787
925908974551448395
10059392309536625785
9963575266133449125
14984054845692081980
10875136402227509167
1332428717574423084
2844928670149068595
11312700157860306003
16797269171105671236
16930114329024644573
4545204486896466933
10427166488334218043
11548105457625347201
262197940491716294
9834854714179962744
15778263217225784328
5217092047704612253
8556136740592052907
1249977445394847367
6618246407746188811
5579675654766456747
13336336233129158594
3746950224186370126
5775000016687932616
7699535428574554700
3205588006380515753
8644763516549879900
523235321061932835
16988464763202053834
1020579091473504809
16028018290210394771
1550714240584250205
16178404746905619365
17795193936142010136
16901759940227181342
14522252390685097224
17343692212822931664
7982666384563921331
5671800815757839754
16272012393253377068
9779198160956964882
18383451344723014871
4033509010426465860
14254151521526357725
14870974311067598897
9032378471494938886
12824801259157709106
7036747264174787047
5528090576704556236
132925360298468283
7591990164794252921
13086462075779588596
18016745600171682546
1631680056838123937
3892892426271825063
743104131338109606
4363589321848604925
13483090052131668935
13848983315096165696
14636111816426493826
7228572074391596861
9861280991004956298
16044240688992166815
5333400264688735788
8358152862738898244
12746976718028026923
12537378720918974720
11472130297818742792
7895401094011376267
16712581081227524396
9877184747426038666
3965755861512717775
4370511090158150538
17250541139195223786
2837076841136476323
10808409287908299231
16450178472606262764
10941097117929940643
3504540032612861682
5153186135966837448
4950056219423177442
7754102583072631970
1927611943546296642
3641992430777748799
12488811942770788777
8633141331412492246
5143961196436023146
11923315691758410825
7942064188949303555
7920399253641193665
15004812314694946848
16888846638931535950
5303148218190044557
2308112028403222153
7317997660931266532
9811356561537525475
4513150395153294766
17499401345098468295
4455654188095895929
9595439523483069480
7817980726895521708
5934122136903175485
14449661438853133819
15153351237676175043
12255714206420762562
8810774677819281927
15517218738973246425
14508421552874603564
13780985579619435226
10734280759073439398
17748050022604685632
7383897289570514823
4775082460719070498
2657127849286445989
12529788338015203453
1851041129877456310
2707054079212964822
10757764513879196501
12702387352333674236
16777544963009435626
8775848089689583008
18419057192704339660
7979223470283348052
13932891942936553305
9328572949671809304
11473186695256190725
16813687586253725374
5425649871151565414
9777627799783483424
12271547519320257701
14007627259915152620
2294252396372424242
16743143332963816457
16283004645648655000
7649754225412835571
11605457000216437891
11174364085091869404
2362009060131135844
7517972949036812635
9918574470972094894
6250501548074799422
17407393313082778246
14661962026509786676
17595852608622332385
13478270518580860297
94206334263871803
1202658684410229058
8753300946799380945
509403136694197117
13664194283882613920
13982450826096585332
15768162886830975642
7113029316194021776
13224771044962240844
9737887902272946685
16627914684013890296
9626367849817798290
16267071342896164339
105442503221053158
17679192721575118026
18308500297500713539
11506051061430170125
18342296334312601127
10275923058642572949
52616186514511253
15946925593743368245
10963555540405832932
6181454717511920599
2192112404143061692
17329647634089841111
12692934435829460233
11585018537122515200
1217655220174460619
650098651714444533
14041928911444830219
1659177317285550164
1384867258378710470
16750328974074644278
8185095239798131365
10670319772074948413
8644166471754816032
668376629008463233
1338647661836240405
3227147935180870490
6732989208622624153
12712419221410540404
14551202745449195771
5045212171530457164
7110871113565365686
4891936162789763984
14502848992056523536
4029502675328340309
9965159676989656849
12879294452852583071
9963755769002153218
3154917294316009077
4731955094189836981
18153565669387836742
1253667143236714135
12965661824372726331
15855188849637027028
4758856096874668887
8183826307557241439
8813578046194192360
7969710290562687283
15490464130830929048
10885357579259855207
13198565828326484093
18127567544096204069
11811311207907614733
5304502864902813734
7608329472009309955
372717132041059116
15173448866324724179
9883670927136036147
8423634490876703989
17136811841474274178
16386264251269597711
17315409196407426093
8723247506347416497
10201873849394266022
13754865364977361546
17045221669100070669
16331111431654860782
17747429082573595314
15179033027058997587
10714155967147298105
8768842765019713191
6325202632238572455
7508177505459322371
15817864241664588141
2874716978036940540
3899482150741567611
12699855629006156643
9069252571142762318
13394292120895528438
14098875081038474675
17343813190740214063
3032008166693911917
11234157787297649768
14899197395455704072
14736926888572173238
7645148683546858489
14819233839968471417
207378305962918802
13139687550786586915
4339541116162387150
14587891729323797109
18090014484890830087
6951860434666486345
12648640144044862670
15217602816675968999
14319902827954366154
13002383765363970892
9427378623775221255
9919062877378961390
17422397243268592314
9273904850523228203
17090948070426039811
5876147649620209824
1996047717167553701
4622909901315961512
6965364734375180626
1652018595882055064
15918822223428219296
2122807537551736755
701997187603504041
10186726043002810272
17033745465690935276
2507144775335979968
18418726305274326309
15769474887000181610
10648019951160418310
16070039806777686174
6712696375760252011
6430096692724044985
14056369450076184085
14280253427015973869
12507786607453142888
1951340140943498735
4980063663641256931
1141927080398289351
4065615392531062874
17439014378014054566
3145754188433894675
12750592931450995365
12122222826181737932
4548572476630885570
5587196034073525116
16044485868620771918
4646578307192205306
12467066515388843374
3374618113967968503
15929514001878876830
15248026965610016278
2809044559457695373
9655041295010237094
4235842423767374614
7587209758487396021
8915597897427996459
17810183415941899967
18132520863794165987
18068951599211497241
10241908398020408872
17027853467130860338
9736998547947817501
13815610320107533930
14758559340565813794
2603145784247923981
2714473528293312379
15678322215014421392
3649436671108221764
10230349120759884093
10633555508240097144
14221375331050970821
9425427880824171719
15820153182734086570
8406616321722533358
13740946882558327127
17525881064454812847
15072834202979654704
7521691569311056948
9815597883704748748
13709418244675568780
13088283653329704163
9586187625348232921
16078743508726647220
15104458625749160850
10925446550748060718
3403113821142570184
3173917132399051817
6267129247085833450
12791230657591119505
3887455151317677619
4032617465727734963
5445859453393237729
7672641935063242287
16899374550379246842
9039727573452977190
13149024423290629566
8340026914170485510
9520922923904991492
737069131380955985
12415567807933219788
12108570555796441203
9934962749686072199
8383424295576053766
392590262419207850
6992264842908477719
6052945679155225664
17207796931216619448
5159878645199481002
1887436879266984184
614798228750647981
17072153370324335578
2511518807887746925
12184842867764196124
14502784294903694393
16481360223955545236
15144106038471003593
15474047319847681083
12952767584376816401
12596482668450629960
11679105706754710207
4137084318331769229
14776360263580853409
3721058767246428334
14287451192630957326
870974901046256234
11228909577117204112
13114332615265525942
15864755023657345642
17830545611042392922
14275242087273043033
3501323071821068777
15032201081727246541
14035163137691783977
13304053687383649060
8764596973582170755
6615291103634132008
17366947418384946993
9185268372703860846
13343122090308790474
18225756957326806412
4528058747119385617
12405930830969332187
7364856519312954131
2942947635824120882
7922778130815432392
2753625566613548895
2752133991759598046
14120256082003842889
11364677620758585711
656201437939310783
8229371311243437930
4931383241676661618
3518569417062881432
11445123260388949043
7697086452683726096
7948853101468031780
1369836005454190697
163262356049718740
2398253059826650670
10594989667286108512
1744786714160016113
5512312684196370621
12776807221002233172
16218856015131335351
3714573559072713796
12768401788728341064
13935366257052070264
1847077713231324475
9419821767186763810
602147634375918894
7090394955309346750
12912167951842251893
9199688737555338909
10569858765141723008
13983608833609011327
5535485294077925002
971951160793818181
4191297236291946241
7573762526489347355
9623652449254370995
971589310423831961
8430219516385912658
2865193229252643721
18378129595373636334
5157594153899717305
5490344045674090
1743939983078276451
5619586335136830342
12183874712615522560
4868576419112492472
12152058806544605462
1230268608407662845
12067828543984544338
7732751554770071527
878229529614068283
14002842854348055700
6999667748601991651
344419497086755300
9804707565847798260
14182159076445303701
15041183503818805806
11520352649889367122
10512461045737908098
7434970647847683840
970458549222583225
17101996344356651051
12389120478600178226
8448403404938581586
13748099278639203028
315153648844752986
14422734482667031968
336869046912732261
6699955104057590484
1588690473492967269
15690856579405925260
2318657248497971817
18408627863684444335
7977703545683835770
17002356923782116538
14306393989921067097
12869304180654224813
10421956796805658056
7710778642253438542
10520527635004291425
6197700767675725840
9180356272575935553
14591391832220659550
4058754486296839368
11359903850886306249
1197586915716501386
14852940634647588760
6919481524656788757
4558568294113032445
9803129233944836844
5190526612610333882
15606456283707989255
14989982220170597044
4095011232921335117
10949701630156110590
138053040887565317
15904219728376213695
2069357986732868342
17562305975085756816
15754801560996748519
1635757750727645337
9294790436994400577
4848373918076211045
12180870728749215441
17958856483899687635
780300367707306676
8198774606886482940
14472915944175958576
17269582537967081288
1502939717377485348
6867608767086030005
4818759060900134529
1393235500836072285
16414372085918094853
9234297484623437975
14961481681018413609
13990304331812080035
15177504630265089993
15813849002441380465
5160234336646927915
14553552490041298011
5295123780972274048
953556793314909069
9725099871705055392
6224030499202025165
1033460237396912451
11260381326787030877
10256345649707559420
9754628126119536327
4593898650879760081
11044536039734645502
12230663123648447143
12435267357869849266
14533841974310137284
3167407341727177894
10234483644473685069
4874034184365013337
9578283068245670593
3003078130614800927
8442771961582091721
12173155835105632890
13130368959010979414
11321322133193919053
7525363421768683510
5676094813788739
10265854775863366704
18222128367784826206
7350266299021651515
18126039511426736171
15027529858001904107
10085957154880601866
8131268296918271612
13640367008845622054
14208657026169540970
5813911966837828735
7005426436453447706
2645355646256936042
17527673937759627569
667971633363078716
13518713146365901780
11389086296535288642
3612679098849959956
17919122501018597526
16133450667649888749
11969520270853233095
4374412284524974428
13472829286014012218
5907095288744390931
3480072986712178219
16326492758345414828
10087103193547043523
17505520146890104742
14069992813697530634
10795509780957078844
16927785182451752990
12871796957517189577
4815798391903782903
11544928971916452925
17716474858106026443
17588100164062277267
8494028060487242676
9876190023879471205
11151689243666293683
791397943324931142
11840379162617820530
3065240585063325696
845059977143226312
16910568355586679762
17302731115371857130
10954608251783232985
12178954613546367416
9443636571807056901
7857108479170955547
3227173069025040432
15574944138847228525
16781483040216017307
9296078496739103921
1278552244616627520
15930770655123833803
8216027506976656912
210525313987277667
556264540807534608
11397771060584434905
10551600928773136447
7845761758879540232
8221540845881147716
12065683699206414243
16600717725670505632
3053128078210757588
2229069970035821987
4379267014679984293
16849688119607338299
123519991249708861
7754218386403836817
2504256193072480364
14365768649365535671
9608519765708467038
8721985700283029340
9329388220835098717
4531223415360439787
13124845230546792266
858970872543745854
8804708790685665854
6607063324181616493
9618540053213040612
7492244316274107000
18086072013115068963
6679032060185951757
15212377873762948235
12060785731158347245
15238036179714291263
749886428709175410
11277051242438672325
15721635472590045383
1824310400321507934
3952947071304657127
18256862818142911316
15279969391625861270
4664661270714574565
14224513116112454580
7071607435194049080
17907361158236933467
7197715171016114582
13877317562196928786
6577508730192754521
11501879330446176092
17320455361014082078
142642968436377695
11599098504525248981
15433305733621493832
9144006815129269420
17316623851992808949
11888801081977295676
4936049502577768253
4137674272020639715
5896821578183889172
12594494250831930978
11054262562055847789
10345329293692364336
864860556244514764
9958360459865485558
11154014326899780232
7380441268777185102
10706298428861938113
9973282459702224831
5276115252662501274
9110243038068086607
9084149105062701037
15558939897847665815
8394048339262832497
3604443616715919290
8964397114927156268
3104997488060821039
267718359398576876
900269861778787059
3153226713776371666
16736268948493759969
229931254052410545
6414567317000265083
6635018652353166868
11124432399993638489
14022703864275109531
7395656707987691847
7319223047185040390
13173539292974258783
6259636236147106317
6139693311522884734
3646874446669529831
10403315985236386896
1166032031134506328
15998612653581837431
7996646426135599278
4839971067332216607
16764383576060231200
1382306881679972430
2439774572117994201
9782605913453707196
17599268863608006833
13073646066604582335
17145012290569299121
9798032562879670508
15873403040190178950
9376867426687348629
2211859477367190498
1063937936566631107
1118241579633107451
4933343595637247097
10063296532096515218
14789050221464979186
7948352870507863806
16447618611831758349
6207928407444779925
4698876181025017036
3349539223118517073
15587719704808388580
7649087665071569249
9703841475542581193
3617298973381609981
8465872347300007764
9264128366262383046
13888916877349213480
16326743738216966328
5558261585503358607
16707869421848899121
8027295407172361559
9179409383686997011
14490978072596769724
3610919582319652183
17212534177998983321
16873553519885111917
990912378691160643
17278644031845212613
12889255669703179597
11254403161345264837
6366647942377795428
5865266506596861861
5694833946534217371
2357648672161046894
3808381687889916806
11989140273210684210
17437869056244632818
17902444451718665670
4190176724455799197
5613551615083493416
12046532619708045595
3708735317912774965
10522173856518806724
9844363374690381111
8129070925469141406
4995637229252416366
670479804970808959
17491653373297327936
17411590202265041799
12661197462741129411
14156354731157441004
1504655254123568293
12526132420518357724
15225167847950364185
10566200521711302292
15082306817731231092
17862155799023179841
12024125280815033378
1538858974881289232
6574985662976395277
9107830310455616966
12268980361479726133
13753723102251546397
3678004521086069190
13813460679347235280
2871751975887833366
14553305036399562653
6534288811514263991
4045637608055813265
2342713679803496381
14553500233028940357
7349618779857826646
4843398069526994877
15569078661178800823
584367317240125385
16306070642575905921
17967234614277793814
8032885801300695500
12120547929276815219
18420195798803460391
17483447038877029527
667202831560086580
6410054967054688437
8295877019331560057
6295449883278861531
15729506860396746982
281742827014328507
17888981534763118491
10843179995205866634
3445551783140911811
14796882282774977985
18405417493577874613
2520776910770349042
2770070675225675506
2772946730244668213
18361208256954782807
14934196208721446538
