12619848533694154154
10563239195107875364
11484965607774452169
14289289311804920002
5272484701445919511
940172956084644980
7254594250534162819
3925616423753581106
11560500982261991506
12429765582033558702
13105190048170128840
1906630340448181525
6339271301110468060
4065555402022878911
11923762099807249076
4380999247303007228
3870194050360897021
13518676067026988825
17421932521044467299
4795491550666730431
16095201860162915996
685853473898165781
13517294110909658203
9271949928478140641
5888054457394367906
2109431230463035135
2331348641218865377
10417106956288934895
10470144989940466949
3133625769170186835
12861157176701633911
323271494222938034
16106277610434393682
429857792795350491
8850600034248841540
5515557313882748304
10506786497315879816
9498683563944273852
10240831081103864228
11293569049980517533
15431356274490319170
15718576555049881331
3933946452795593003
11100334632766467648
3305541694768332904
11652233520407133513
4461086044898228845
12515817940200574970
14811082621642931092
1717039583762816487
6921987123196652262
1681093321779811389
11444404200308542979
10387497281097836582
14533654312334495691
2750351518236267378
83365256945512785
5052393766454671301
7769097731475523526
522555758408390342
5650597074802074293
2507861433634707078
7727402419136476428
4643231145417066340
13295632959493256344
14997930429058200218
8346064918313352218
5924946084086966486
15620206326409540932
8223542526984012242
18335640607046557049
16493221198206748405
4196913321803514101
6970814974959084061
6739550129469564015
16285388513068183245
5246802523660068956
7099293186362617012
1028215314388235379
571943594099917093
13554432187312664199
4234229764561158138
14729985703645714280
4123680374585405198
6225434112260682613
5454664700103717640
8221647987243345099
17669719722713477932
2085496413712564207
5148888290715609792
17533789957228591876
17418052906087766745
13090408346324163939
1814231198188252087
5994746613199774227
11628376146761160094
4200752669075463607
8730247063431413198
9410624840921476765
4768912123501478610
16951922381139027581
7185061865225387455
17491606814840834129
1845564142063192089
15539483688035818147
5650471765322345222
2669764924554991693
12429700235765624664
3846827417489283411
14683561259618437230
13770923875431927162
5292984048053247214
4013765261319723695
5443560720594921399
11468793557824317330
4695055372189267544
6212484152177812561
8405860183188463146
13707456476429175619
4897717515279393811
12983236253523434156
16839020045493124639
7839681380879030567
13428550540644657196
11500238345155007069
2882933549093417470
935052396894967970
7303924631402119435
2779725586388817851
13610860280893640507
18086207404666927366
16966400195283630700
15065242360816303191
14776732890420614495
16573887027825006333
3463499950525720074
1164294057655056330
7398827739572310424
15002726325033104951
18211600969417814920
644485694559261274
5718582654315700849
1562530403701411474
6172903892499899102
11651684107307862392
15223264529873056662
11109846769023686066
4546481757423796498
1418549679576605798
3869305573472328575
42252447717946826
12981513007553904466
322931470209211717
12631895424968982287
5098712632031368313
8900567679833315124
9127329085729446979
15086312816568711696
12241433519904358957
16723473905800528095
8557746634942041593
13596221991301874125
12114760442948753542
8251278402172321146
5023639290704134129
13520232946138869118
15350325513491289549
331448190503441047
10012159782242518968
1915641654464819712
11865730726195856661
7555126932831589497
1327882031897736227
16228969330596773143
15490211421737278500
15918242195475921538
18205017345482390865
6576590996323957628
6467620355624422329
17452860229085424590
6496355380366264175
1380793853493854739
10730488424637541660
4946929737577239206
13748853064463816116
16706336900981052293
3817076506153123453
11754765295288572139
11583929951672278486
17895950778019314955
4191334976170456162
10488141758889886625
468918857426517723
11540901374959397462
12964790319706212612
6227680938230547379
3394960016473326814
3718612697808345138
15108127186994716377
1553063787549917846
5249809490628715377
2349070417004331077
10758126129381884052
13070654393275418268
11121621353930539628
12486358125706456038
18354110336887051245
16408434630854150853
3933565602223081034
6075622928081746264
13759859528440118832
6273842672584553705
16107834801412977168
13222531120824357775
1229307813210038404
2397981048054109999
5105146687125349218
10931364441597981092
8812614990746255441
14728700067238401482
6522528101422808948
16361308552139349483
15962384598535475369
16989137818586733945
7519889838710792195
12908928728523996724
17141566907544521898
1940980619002047300
6025065637009414200
1198399710446777786
7730965703804127980
13110101405174169076
7438490019710625109
1722281541158611719
15569063827374111132
14307475357407070116
3146501905973024120
9727591613046140345
13520150409203632517
8835810421295941045
6257291033650595381
4855076098856169839
1094789402531361762
15216849536066376230
625590217939817939
5750654528772079349
6886988858489272103
4811052456239997056
1163983344331877672
8888855253761192579
11326818879609966008
15131492860407050776
16685789019609715206
9367674571818186039
17592443380178141440
14012772376386842217
11831575612632363315
12851542184490849834
3445424631087524373
5772422283901729017
10329103394731001923
14022595172245395931
9401532970238187190
10550758338321899873
4100346268937277448
2568905151787799418
8078566518259317062
289538295421305760
16581991847126975301
3702590403208119492
2130844663980653701
14795218612867851097
17010134076233379803
16327021413047991139
17875260196647179872
12295629386762219799
2550272061995981241
16651853028400925218
9189770378214310053
13843353344258225227
17846068379536312284
1284269962974110983
11355118203546319650
8855276328712079708
4757861157711315108
2865417388857317157
18236820229412994573
13307622280351132660
3076966039301574353
4778916242526704975
15735039704882848103
5445400392292762075
2506736353509214766
4703621379305642601
12105464328592407546
13850049639389057189
5871292073280792868
8350028301347828702
11423953067706532472
17847014569950472790
13659028442444968657
7828806796663944516
689804061712397563
3897115236105212664
9494275592180216851
14011377529139379958
7024429148216561778
1640703299549603404
6112589055297536392
11857731716239414511
15576565977259843812
13478762251490294880
15956709714696683947
3636314341097541425
15325217968989141164
2691179573527508802
8707070427911140507
16015521000134401379
11489455961907177550
7045009221322322434
9708939774486391876
7355003228533860187
15210006705814587980
1393956966624982226
11263627059611153333
3126379625013813750
4857712213630688884
3438539937978344780
15151565997253434403
11957730989174559127
2589164599152883109
16164540781857929969
10866971863334606499
18272895279428492805
4064113943372959021
7760543582986074664
14284036104216023998
17599436519761016481
2945248738024500728
3832079381923154539
8779689801753512904
16831184726559870419
654347224173761054
6081641634517966576
14706278481694045867
1548259907604898710
15612966440693291613
7488555962197519423
17331982266439075413
9579927914464009294
3073839542757271929
15613400992859943893
4382915193468253973
2093651871137406847
2436896271268114098
12509341509200928940
9811251728106208895
1802777883978959707
11570591543122612690
10090708843627153629
16865436993934215758
5416270685503889428
9394514205919497556
2367993484793798999
6728351791896255144
12891890566035832891
15698144722164078747
11427322690297088554
17457153072121716406
8582546972084031073
5332744594279296651
8774626871695956257
7232717832386521899
4293053035326399426
15066136756920476720
4417027236400506741
12535584556436006289
15946117939686355941
9171396301053261865
17145703709827519649
7172803031332820501
5293771158143958417
1395315506735289231
8532155247411840865
4215110274257493837
13289383687314247327
902790584154267817
16099466081186737457
7218035929255456728
16175250130252028102
13311859871102613584
2094792032069827686
2179963670893724551
756236832067554454
16182572560747926414
8905433806390163687
2356016241786253470
9715687243528027486
18063492734309461865
15115442807804860269
16635285679023609230
15139592864065521137
15580733151404558982
16846119939429198909
5489263828865702940
6996086603104622662
11406176615601625002
8150656094163518491
1925924500906413851
7253322855669089242
3485728423172488996
17511746778887736733
12271355558677192917
1310024114646679568
11694924582763962758
1532188308119775784
4867083193119369623
11961183904938270033
13066268860271766973
209205768271413313
12130391174984070520
10467514609452968208
6784448446171653668
1492709006085635981
11896547599701105298
15489222410838641471
3038367999903333543
11686151676917660975
751517469193985320
5420272581747043719
89618506130681680
12155886630001892802
15677506312872559311
15149333382639188909
6789920802441014862
7212821473763258032
16726063011538316976
8396264533989558109
4401457586801083312
7392778536299808954
10960796674132718905
4279260802980797004
5892357554330446147
3902527696144741827
5815639804270222017
14219577802688982134
3961345956700746270
5716081327795238921
4100227703878496868
15314609836298728205
4555341127778690385
4903454055746757449
9333142767619954288
6137705941700481900
17102278951083039674
5148179992196380877
12958989526214104974
31402981131945555
1410945188979475466
4428163076007509757
15115168384924664507
2835373316379126742
17424373328047172600
8857060972333260156
8101543832836850440
4380888358796518927
17277143957358450324
6933475651708351149
15635652658589248663
17760185364049597205
17001653121669857587
580426035031521843
4140561446961945152
13330957679006849622
3719960344755424284
2052786556133677850
7674176780153346728
6964429621426899662
2325452935135364718
12709691792898201054
6812518769788369192
12270833649492258562
8438381051942241848
12901156068927710839
12877166334749184615
17666685978440924694
14446253792135906310
1254804357758035376
511926439254402476
16811648002297536568
14455531406230294259
9122113881341540646
1367496774827205790
1127656294140499216
12676922128293763093
3235722352589953942
15700018766383715988
9016002287126747473
12551891902665306635
16908571417041431365
11672136836455301803
16193323196261009449
5558265412717375524
5983592983439192059
15389804828314783766
14565007143228688159
7628670614664315806
12851535056829636899
278422729730862213
13070116327558709456
4603093024915726334
14786924466014903031
4075481994511263074
12837222458495715703
950436186636175665
9929542300557335673
14691504290000912599
15088727034175060523
6244052185515616501
17241040933812751595
5714664174116716128
10985303938012670312
2221449662637574719
8664214405300828996
8235507331554651518
14628798108247634905
10400175348080864357
14038774495096327050
8487063152115900318
275311962031315938
833453456534373621
10042338906606692621
9940493944748012776
15279126362597723978
7906481000902773242
2281440784830422208
12709643757770452814
9897447967014470089
3519515136292657136
12787294818039950956
5808661882592824096
1621247790834029772
3730464504277845581
4020534740051481336
12450533509017186424
9094402910323198625
18360450163685897433
17587910728773248361
10272291602988765619
7744227046310694256
17044752497101513870
6543738767864888647
9586425930025795143
2127197255835627729
14393853364851496407
15451540847066586208
1097214499359214618
7822147295930382009
18016530848716608742
16631863320275634888
10898916505889034570
15150260119788018553
13286014281648103331
2443248198002517977
15059376572843783522
6401581473743050199
12233221148369871512
14551045925405964971
6394610255631157465
7642084057874215244
3043323047248571567
12480027034432947208
5609635558941865645
4670864079957878215
12155730778474014966
17058181381935788541
10547078031806793865
4581904273852280606
6352787993737540596
7771342686212496056
334785902078504225
13000654693850885448
524601096986782186
6014507995350132547
13172784049234190505
12920551045533880648
2949350527342980140
954153606400722894
12501559419814183695
16758931100942753724
14035804531138464037
9514356752753444430
2503819855091280041
17292419836719353816
5535572127377851662
5754145574632402910
15525001771103733117
591337843543824684
837620569556334692
9493549389532903663
16880542153440744233
9600573981788156237
11824438332752457588
11232261592665210762
2153083707617674332
7360509238924124397
2607581194980992275
4260704521374223547
12501781367329029893
11005642557605705159
3307502848022699071
5350570778365526886
1501901668856537114
14546253577040648207
13710974113761064346
4207107479431546021
14018875306166389837
1408026846272215135
10551915026019118034
13300892400600202829
9903583977501379682
377937030035784620
17151602782249949180
7408404751780776237
11200767379401566044
11306895487966948311
7705065608672484092
13862477019005298916
13166208334919393357
160648913958782106
17069532785164492790
14472834931280315251
4855134521601784745
8175354034932613512
4777241485269681166
3510418736770651638
17968888859554852247
14541286507541523116
10498361561534960972
14685611024716689374
12582095848781910803
1971782359642995792
11660889553919942609
13033082197988719735
3326947097500495801
8180799001775063463
11937238703867110870
300000303472444199
11493767695376589475
4464718515237340317
7636907857297200419
17254988260135485064
7177672729655524723
3981211383650822602
7760984004255781512
11430738304898280425
16122253659294029126
2126887027413194987
2519725131223674849
16316094309741221427
17107114098093349962
8117499968741426838
8761469722318583364
10831673430414076434
11833435032498984415
2939164156812713204
14037620965376326585
11397040364887693635
13616374768947110355
11157936383915536462
10010992074612202600
11687598824787641734
10299626534552371966
14296740641439313276
10514797365455375652
2525428278984685885
10664472575141945077
16980506343320518996
8432377405542019820
9412335227677008739
7725986502447437411
9887836646127363739
2260596631677488766
7815716325090014850
13732875472659704048
15855983512807721305
13826319879522285205
12015096434299803134
12462176123341288708
13548907506223992194
11461364400343890247
1848862951431610874
435305435096363625
12507445347041039398
3474017250100275144
8233374012842000733
3817769390826777585
17605742901649576163
8206731366902574983
17689753376295456972
14812341015120783085
9053954745437715235
4655707576464493977
3822977813999431676
1717638668216528747
9269107085572229946
7022699842052703896
8504341418964901050
1708044000970396165
6128970311865627950
18205566601217851041
9886007274484010200
17039760315586096621
4656391927644878892
14145851814337278169
14704637504743547475
5829349186836662807
14125761479447697370
11994709908764815181
15135111510232747141
12812857396956382545
7733233260844351397
13838266610742201974
15799533701494397837
10427127358062283753
16682465240364515262
5343628541203472845
16462001181432420566
17752641688479041702
3134461581363848652
6391619645128202996
3589256578293093042
17450950274323558992
13801299617044416566
10072381711589714223
10777429108559697054
9925942275852027063
5681259342992060674
17144551006625291861
1472532718497826886
14793090331994167461
16178430857069989758
1725951439471849113
14023180924508794127
14353071851475692062
13437954399251618284
11560858103639259218
9132737178541916514
12129646564240289349
11032422509962548408
17059811978160524293
2911004437224918371
5994461129253786282
2522531029540832821
3887012480056051799
18138101129961491432
7163589391755260474
11678097291350054595
15254626449839754820
16220674613252376629
5906264132092849677
14434867148101340111
16971570628945656444
14849352798008468327
13380994569714602555
14621095809214262221
14176556937359571325
9127298211767141914
2900092952768767984
17683093325811351009
12886794093381803704
9349849256706340655
983906590133794032
12824396256679434676
3130388643543641772
4288202540821519913
4101642090173339947
2643446468629627700
6028424168576706330
7704841019612591607
3525343343910440525
8947790937233054479
5032617856598391447
501421963333110415
8995755609545132721
6750282944215984094
1357598158031680756
17081257195294527367
6653066805500723158
5145809482702276379
13515569657434935115
15129660185994291582
6944287830559679438
17581737671091521621
1668639225452748547
12117141861514785642
18068918661948982458
13912583232684868318
6513276674895937698
4686580475022462049
3430680415313590846
3442933952435061426
6367505243527047562
8890485914703764722
17753351105905736793
6963232947837470506
16864228724122812572
820707521469596906
348457312617659228
1091328252549866511
1942075927184126963
930928640115603774
11891030558504153569
14695919155241074446
14467102179799311711
17458117166131393827
13939156069982331315
3353640546246930912
14022509274713149629
9760019545879968269
3836517115465230456
13568692660276066845
95440074073645003
7858298030681019133
1912526777893213517
7272779842853422436
10063846161090553296
5445104366901319047
13185274794957578908
12832932807990997038
4055799881444177517
8438026714169914493
7922184248982831229
4091197819082769894
8111416865432092252
2931341404984729318
98910610297718839
5315041807318220221
15004757212589764469
478700596634701822
9914349758751873338
2225487758284721880
12312754741976528435
4017088448003532269
8281281145452676550
1371855884597503220
7031576343360816664
462738415818871531
18399924006457195579
3136431064242520665
3394211492507422024
8232081202304708757
1916350685002871603
13296680682430584700
17664500767516657999
2630242427325894290
5121057632232087483
3504677459748944679
2207319839981029422
5273991934959967777
10086934318590437794
3534240458365808629
11396386990031691241
5305018689231308276
10124528133371873614
9567822619940448939
6548784591340634752
10969957814553442086
563820112993415210
4648815613640460343
10862076487969200860
17115293234795204830
9001363296405553303
12121343434425712547
8279154429759455666
11507219963676528394
12493159634392601479
9412815458537076417
11679683240884270270
11879960134635944468
7358488258982162739
11133247283073239734
14919357076123817253
12769874067786628793
3610871870945753736
1902582492641575831
826899304026187751
12373177644627081123
961945600507022908
3536181310714040897
12990420373193396802
5075015112918494756
7249862360736401773
11062890637113005270
2720600552985911887
9863493627681072142
812362144515574660
5260276428291157019
11584897915607096633
11443575844879791028
10260848538290605032
14031325633980247382
2159648141680964767
2976545795273615724
6931511260583385739
13470406926362387697
17000081427686183029
13837589813981088394
10329606006590919515
15787194984064624849
16016201164392100959
15353696705379185182
2059337541433985917
12121863978251545115
16482663460794829258
11667189902795636508
877502180166724946
11253318312969474930
15595985404398002902
3757402092578123788
9612299152919905499
17875398615941003479
15148870389822517781
1030439343626093866
8737936011362726092
17562402591016028267
16605138388478291602
11247641192198958651
16434690749767065951
2877580765585239098
4886323421946196884
11121684227329921526
10739529321198038042
11203162010274515190
4994852334288060367
9681704274390052346
17371685011419348274
1160014996972041198
1310631381608220544
8016122643196852688
11425235892529820017
2922558830570867763
8711446231032875843
10971229749260824865
5419622223546120392
10382742617270437604
16850447156906404211
6659313088877286325
3240578557441558089
3509966532366563385
15392120749319260912
2924911396217787406
6058892541387460118
7827872233392065612
5278994158148977548
16721821242699598705
12359420474406872584
5791001678270546940
12777260498800383301
17709987665812561407
1505327561502491515
16230798745550485073
3837641406850900668
11320198634593482196
13997391612956398632
14588925075999000648
13406100380722049241
11074468490330949109
1976692618409191661
6865810265349427188
2831960895655993167
14080687339753815845
7239808013876519429
509067560852022419
11130565641081776748
9151971029217943794
6463012953690377492
13406014602145883257
2116923886275675115
7303741257878958639
15051310826011393812
15503647471023494122
853441275885365324
4034239651404013459
15049628272822171276
2404653024615187712
16385931345448168026
18160690345480617209
2622084415764043568
11767718502143023860
4874397276183109355
2432162261271212302
16119998540928145627
11220574315444163653
2522355343569703563
10035089824575846295
6628448716522747943
18138556368819359796
16932689380679385995
716955597524887080
